%YAML:1.0
R: !!opencv-matrix
   rows: 3
   cols: 3
   dt: d
   data: [ 9.9979997335089099e-01, 1.2493401275052111e-02,
       -1.5618201309316895e-02, -1.2505519268002859e-02,
       9.9992157276217453e-01, -6.7846345295412963e-04,
       1.5608500100760191e-02, 8.7364145958826196e-04,
       9.9987779827097112e-01 ]
T: !!opencv-matrix
   rows: 3
   cols: 1
   dt: d
   data: [ -1.4854794505786179e-01, 1.8031373214519879e-03,
       9.6748540468399209e-03 ]
R1: !!opencv-matrix
   rows: 3
   cols: 3
   dt: d
   data: [ 9.9675012713396405e-01, 2.9837949042048947e-04,
       -8.0554919329028293e-02, -3.4984915991251341e-04,
       9.9999974359919663e-01, -6.2482566085349830e-04,
       8.0554712239519988e-02, 6.5097712774637171e-04,
       9.9674997595424464e-01 ]
R2: !!opencv-matrix
   rows: 3
   cols: 3
   dt: d
   data: [ 9.9781260126727656e-01, -1.2111868262191721e-02,
       -6.4987040242113686e-02, 1.2153377543926312e-02,
       9.9992611534826548e-01, 2.4343130886039736e-04,
       6.4979290289334343e-02, -1.0327108630486276e-03,
       9.9788607833848830e-01 ]
P1: !!opencv-matrix
   rows: 3
   cols: 4
   dt: d
   data: [ 6.5729028533379471e+02, 0., 3.1518311691284180e+02, 0., 0.,
       6.5729028533379471e+02, 1.1022335433959961e+02, 0., 0., 0., 1.,
       0. ]
P2: !!opencv-matrix
   rows: 3
   cols: 4
   dt: d
   data: [ 6.5729028533379471e+02, 0., 3.1518311691284180e+02,
       -9.7853165082124420e+01, 0., 6.5729028533379471e+02,
       1.1022335433959961e+02, 0., 0., 0., 1., 0. ]
Q: !!opencv-matrix
   rows: 4
   cols: 4
   dt: d
   data: [ 1., 0., 0., -3.1518311691284180e+02, 0., 1., 0.,
       -1.1022335433959961e+02, 0., 0., 0., 6.5729028533379471e+02, 0.,
       0., 6.7171080749626864e+00, 0. ]
imageSize: [ 640, 480 ]
