%YAML:1.0
M1: !!opencv-matrix
   rows: 3
   cols: 3
   dt: d
   data: [ 7.7921719807501404e+02, 0., 2.6511836146241444e+02, 0.,
       7.7921719807501404e+02, 1.1624929360812959e+02, 0., 0., 1. ]
D1: !!opencv-matrix
   rows: 14
   cols: 1
   dt: d
   data: [ -2.6805573264467891e-01, 1.8535366047282181e-01, 0., 0., 0.,
       0., 0., 1.4893384609493210e-01, 0., 0., 0., 0., 0., 0. ]
M2: !!opencv-matrix
   rows: 3
   cols: 3
   dt: d
   data: [ 7.7921719807501404e+02, 0., 2.5143251882117437e+02, 0.,
       7.7921719807501404e+02, 1.2038295385563831e+02, 0., 0., 1. ]
D2: !!opencv-matrix
   rows: 14
   cols: 1
   dt: d
   data: [ -2.6760562476722954e-01, 1.6848104735479802e-01, 0., 0., 0.,
       0., 0., 1.7161572853723270e-01, 0., 0., 0., 0., 0., 0. ]
